193
0 0 0 7
1 0 1 9
2 0 3 3
4 0 4 8
5 0 5 9
6 0 6 8
7 0 7 8
8 0 8 7
9 0 10 5
11 0 11 9
12 0 12 7
13 0 13 7
14 0 14 9
15 0 15 8
16 0 16 9
17 0 17 8
18 0 18 8
19 0 19 11
20 0 20 9
21 0 21 8
22 0 22 8
23 0 23 8
24 0 24 8
25 0 25 7
26 0 26 7
27 0 27 9
28 0 28 7
29 0 29 9
30 0 30 7
31 0 31 7
32 0 32 7
33 0 33 8
34 0 36 2
37 0 37 8
38 0 38 10
39 0 40 4
41 0 41 9
42 0 42 8
43 0 43 8
44 0 44 9
45 0 45 10
46 0 47 5
48 0 49 5
50 0 50 8
51 0 51 7
52 0 52 9
53 0 53 8
54 0 54 8
55 0 55 8
56 0 56 7
57 0 57 8
58 0 58 9
59 0 59 7
60 0 61 3
62 0 62 8
63 0 64 4
65 0 65 11
66 0 66 8
67 0 67 9
68 0 68 8
69 0 69 8
70 0 70 7
71 0 71 10
72 0 72 11
73 0 73 10
74 0 74 11
75 0 75 8
76 0 76 9
77 0 77 8
78 0 78 7
79 0 79 10
80 0 80 9
81 0 81 7
82 0 82 7
83 0 83 7
84 0 84 11
85 0 86 3
87 0 87 9
88 0 88 9
89 0 89 9
90 0 90 11
91 0 91 7
92 0 92 8
93 0 93 11
94 0 94 7
95 0 95 8
96 0 96 9
97 0 102 1
103 0 103 8
104 0 106 2
107 0 107 8
108 0 108 9
109 0 109 7
110 0 110 7
111 0 112 3
113 0 113 7
114 0 114 9
115 0 115 7
116 0 117 3
118 0 118 8
119 0 120 5
121 0 121 8
122 0 125 2
126 0 127 3
128 0 128 7
129 0 130 5
131 0 131 8
132 0 132 8
133 0 134 3
135 0 135 7
136 0 136 11
137 0 137 7
138 0 138 9
139 0 139 8
140 0 140 9
141 0 141 7
142 0 142 9
143 0 143 7
144 0 144 8
145 0 145 8
146 0 146 7
147 0 147 7
148 0 148 9
149 0 149 11
150 0 151 4
152 0 152 9
153 0 153 10
154 0 154 8
155 0 156 4
157 0 157 8
158 0 158 8
159 0 162 2
163 0 163 7
164 0 165 5
166 0 166 8
167 0 168 4
169 0 169 7
170 0 170 10
171 0 171 7
172 0 172 11
173 0 173 11
174 0 174 10
175 0 175 9
176 0 176 11
177 0 177 7
178 0 178 9
179 0 179 7
180 0 180 10
181 0 181 9
182 0 182 10
183 0 183 10
184 0 185 3
186 0 186 10
187 0 187 10
188 0 188 8
189 0 189 9
190 0 190 10
191 0 191 10
192 0 192 7
193 0 193 11
194 0 194 7
195 0 195 10
196 0 197 3
196 4 196 14
196 15 196 24
196 25 196 32
196 33 196 40
196 41 196 51
196 52 196 60
196 61 196 71
196 72 196 80
196 81 196 90
196 91 196 99
196 100 196 111
196 112 196 119
196 120 196 130
196 131 197 134
196 135 197 140
196 141 197 145
196 146 197 150
196 151 198 154
196 155 198 158
196 159 196 170
196 171 196 180
196 181 196 192
196 193 197 196
196 197 196 206
196 207 196 218
196 219 196 228
196 229 196 236
196 237 197 241
196 242 199 244
196 245 198 248
